000009
000012
000021
000027
000028
000031
000039
000050
000060
000062
000089
000156
000158
000400
000401
000402
000415
000488
000513
000519
000528
000537
000540
000547
000553
000559
000563
000581
000598
000623
000629
000630
000636
000656
000671
000685
000686
000690
000709
000717
000718
000728
000729
000738
000739
000750
000778
000783
000785
000807
000825
000830
000831
000869
000878
000883
000887
000898
000930
000932
000937
000959
000960
000961
000967
000970
000975
000983
000987
000988
000990
000997
000998
000999
001203
001227
001872
001914
001965
002002
002004
002010
002019
002028
002030
002048
002056
002065
002078
002081
002092
002110
002124
002127
002128
002131
002138
002146
002152
002153
002155
002156
002174
002180
002183
002185
002191
002195
002203
002212
002221
002223
002233
002240
002242
002244
002249
002250
002266
002268
002273
002281
002294
002299
002326
002353
002368
002372
002373
002382
002384
002385
002387
002390
002396
002399
002407
002408
002409
002416
002422
002423
002429
002430
002434
002439
002444
002465
002468
002497
002500
002505
002506
002507
002508
002511
002532
002557
002563
002572
002595
002603
002624
002625
002653
002670
002673
002683
002690
002701
002705
002739
002745
002756
002797
002815
002831
002867
002901
002925
002926
002936
002939
002945
002946
002948
002958
002966
002985
003035
300001
300009
300012
300017
300024
300026
300037
300058
300070
300072
300073
300088
300115
300136
300144
300146
300166
300168
300182
300212
300244
300251
300253
300257
300285
300296
300308
300357
300363
300376
300383
300390
300418
300463
300474
300482
300558
300618
300630
300676
300677
300699
300724
300741
300769
300832
300869
300888
600006
600008
600021
600022
600026
600027
600037
600038
600039
600056
600060
600062
600064
600066
600079
600095
600096
600109
600118
600120
600126
600131
600141
600143
600153
600155
600157
600160
600166
600167
600170
600171
600177
600195
600201
600208
600216
600233
600236
600256
600258
600259
600271
600282
600297
600298
600299
600307
600315
600316
600325
600329
600339
600348
600350
600369
600372
600373
600376
600377
600380
600390
600392
600398
600399
600409
600415
600418
600435
600446
600482
600486
600487
600497
600498
600499
600500
600507
600511
600516
600517
600521
600522
600528
600529
600535
600536
600546
600549
600556
600563
600566
600567
600572
600580
600582
600597
600598
600623
600637
600642
600648
600663
600667
600673
600699
600704
600705
600707
600717
600718
600728
600732
600737
600739
600755
600764
600765
600782
600787
600801
600808
600811
600820
600823
600827
600835
600839
600848
600859
600862
600863
600867
600871
600875
600879
600885
600895
600901
600906
600909
600917
600927
600928
600956
600959
600967
600968
600970
600985
600988
600998
601000
601003
601005
601016
601058
601077
601098
601106
601108
601118
601128
601139
601156
601162
601168
601179
601187
601198
601200
601228
601298
601333
601456
601555
601568
601577
601598
601607
601608
601611
601615
601636
601665
601696
601699
601717
601718
601778
601828
601860
601866
601869
601872
601880
601928
601958
601969
601990
601991
601992
601997
603000
603026
603056
603077
603127
603156
603198
603218
603225
603228
603233
603267
603317
603345
603355
603379
603444
603456
603515
603517
603568
603589
603605
603613
603638
603650
603658
603707
603712
603719
603786
603858
603866
603868
603883
603885
603927
603939
603983
605117
688002
688006
688009
688029
688088
688099
688122
688180
688185
688188
688208
688256
688289
688321
688390
688521
688777
688819
689009